# Hora 0
6.347820
1.762858
4.178218
3.231799
5.448329
13.809608
6.594526
1.209978
0.158398
1.520846
4.520303
0.263976
3.429530
4.542144
2.034159
7.368250
0.563595
0.390553
6.513237
3.420851
5.830213
2.853120
1.414481
8.549118
8.032608
5.932244
1.588268
4.460804
2.239050
0.480254
12.463499
0.735652
15.002453
2.953005
1.023651
3.903349
10.315709
6.588039

# Hora 1
8.213969
5.376189
5.892769
9.458860
1.436198
3.361088
1.250066
21.977793
14.417319
0.201126
6.113658
12.967917
0.995764
4.196014
12.354326
0.172678
5.977052
1.764475
12.911243
17.712349
14.435868
3.214307
9.904054
9.307137
1.921703
8.827988
0.188549
4.535043
1.306881
0.642389
0.400377
5.958390
2.076630
6.450682
0.337950
1.893802
3.877118
7.820487
1.919148
4.916046
10.856809
4.783782
1.326078
0.123517

# Hora 2
10.204908
0.107494
10.385289
3.763819
13.989959
8.016863
30.910973
2.159393
7.287626
2.570245
3.268436
4.937665
10.344570
20.701984
7.310986
2.704421
2.735348
6.689089
1.364146
0.585333
2.189597
1.693045
1.757073
1.330306
0.215024
0.090178
21.999889
2.791099
2.425194
5.691663
1.231126
14.974781
7.716964

# Hora 3
0.468318
2.702824
10.564714
14.477808
3.149937
4.751971
0.913812
23.647223
1.317691
14.300047
5.244065
4.679111
3.594259
1.311175
0.971129
1.245425
1.031667
7.561204
2.154878
0.297915
17.385422
10.761605
13.138273
26.400249
0.955168
2.522909
7.099017
5.953977
0.835564
8.459565
1.270853
1.266839
3.849865
4.493973
4.338529
0.479730
10.496624
1.543507
0.693523
10.979791
15.578382
9.907134

# Hora 4
8.290937
5.324563
4.002074
0.455024
2.625072
2.331560
1.503862
6.426278
3.424662
0.422597
1.243481
5.748351
0.395924
9.525993
3.417435
3.275276
4.487441
8.705740
2.137091
5.666269
4.170467
1.553241
10.544558
7.983251
5.371333
9.505029
10.098104
6.161227
9.070435
5.977898
5.699371
4.819682
6.986102
0.863471
10.637732
10.272516
0.148418
8.738236
0.689820
2.040735
6.803294
0.876292
8.517838
8.922952
3.540977
0.032032
1.691637

# Hora 5
4.797647
19.865818
4.995829
1.504198
5.025688
3.882485
7.567126
0.565735
7.157043
3.896430
16.483107
2.091780
5.006818
13.443305
0.540765
13.841269
5.821929
0.351238
1.790262
6.157955
0.348630
4.363409
2.122346
4.849981
0.234106
10.260564
18.150972
17.349178
6.924513
0.696806
7.099529
0.124471
0.111860

# Hora 6
1.954929
3.353438
7.357244
5.748929
2.952075
1.598456
29.257645
2.777209
3.001810
0.893384
7.919084
5.915661
1.247243
0.429865
5.704979
5.313975
1.595929
15.065772
0.818821
2.831117
14.377842
2.721286
5.087825
2.534122
1.602509
20.668852
2.632523
11.226262
1.306529
1.198300
0.158145
5.272979
2.298495
9.988690
3.204766
17.240412

# Hora 7
1.026061
10.148428
7.493886
7.368460
9.314663
7.156960
4.920444
0.703470
0.165335
12.681916
4.794038
7.961363
3.284292
0.623896
0.668719
5.784894
2.813279
1.118998
3.382380
0.331815
4.361027
1.566664
7.986537
1.857942
3.036868
0.058443
0.376026
2.491962
3.269044
4.581710
1.724174
5.936921
9.834937
7.567253
0.202125
3.274509
0.554268
1.385656
21.585913

# Hora 8
0.768645
3.454630
4.813712
6.061117
4.100912
0.049094
1.976049
3.646065
0.459845
2.158740
0.168834
0.409188
2.528554
0.711943
4.191337
5.847293
8.061878
1.116657
0.916506
0.552244
5.058920
6.128975
0.160479
13.760970
0.266852
3.896755
6.173200
10.238518
6.260337
8.090579
2.073414
8.432273
0.417532
11.260252
3.965858
8.499488
3.010305
5.158195
3.736989
6.576189
0.425774
0.311250

# Hora 9
1.419136
0.869057
10.270178
1.237271
18.620514
2.054116
1.005185
7.796065
5.375081
3.447726
4.052492
6.350595
1.296800
28.043156
18.403200
5.253766
1.112859
5.700739
0.374687
0.155661
1.489894
3.105277
10.135099
6.494515
6.787690
2.771218
2.122743
2.318428
21.970320
0.204679
10.088215
4.321759
2.886745
6.459608
3.334172
10.334532

# Hora 10
11.548142
2.738493
1.620540
4.486736
12.172780
1.182804
4.877107
4.992390
6.604650
0.705328
6.290824
11.986266
0.990323
1.356048
17.770885
0.998215
9.633949
3.389105
1.419985
10.230030
2.946687
3.616149
2.225450
4.494107
0.892787
2.480355
17.435791
1.492929
5.346287
1.966621
7.424459
0.701334
17.503052
3.023755
1.346268
0.381689
0.930190
3.667492
2.054925

# Hora 11
8.827049
2.818386
1.429846
4.800495
6.134113
0.913860
0.917326
0.186804
6.666651
5.450313
3.218271
9.294963
8.190991
4.401655
10.135053
1.152359
0.593465
1.571839
0.293906
3.787570
13.791906
0.200692
0.651169
3.009216
13.581043
1.900128
3.538613
0.212309
0.802858
21.573755
16.779022
0.024761
15.163204
5.096048

# Hora 12
10.121673
3.032461
3.624180
3.355428
5.496026
0.752087
0.152160
1.840340
6.098492
1.127315
5.595592
17.518152
0.493032
5.582895
2.932689
10.130158
0.974905
5.898449
9.104354
14.467162
5.748181
3.437563
4.809674
10.159164
4.226945
0.154292
13.364528
5.848288
5.642988
1.214660
5.377685
2.503258
5.266756
0.563565
5.362462
37.208614
0.247065
18.899315
2.612028
10.230167
7.625150
4.185276

# Hora 13
6.705634
10.539845
2.588750
1.980296
5.506981
8.247290
7.183417
7.992827
2.859812
8.514191
0.640355
3.931678
0.028877
1.962146
2.282173
2.522335
5.944882
2.459677
2.977323
1.356053
2.336052
1.289125
0.380065
4.624748
5.516307
4.831219
3.113388
2.388452
9.951063
3.660290
3.261772
0.129883
2.087039
2.391757
2.544327
4.339555
3.813586
4.681257
7.238366
8.382852
6.331424
15.563993

# Hora 14
0.092004
1.089400
0.037958
5.213165
11.415410
1.395147
13.088846
0.310800
13.623645
2.166412
0.534702
3.326413
1.483793
1.676475
1.835719
8.123415
3.873536
1.864803
4.712324
6.296559
1.591559
2.668332
0.649895
0.999268
5.714668
1.001033
3.723922
6.172955
0.565154
4.188694
1.482355
16.474316
3.303842
8.199293
3.995056
0.221915

# Hora 15
5.014030
15.121002
4.601642
8.551511
10.779733
1.294370
1.191571
4.720635
2.646887
9.158575
11.514082
2.180302
1.351638
7.582596
1.606581
8.647144
2.755966
5.506328
0.502060
4.888960
3.005281
4.416800
0.919700
6.675607
9.931471
1.221452
0.503051
0.119612
5.135714
4.670925
3.955977
1.319483
2.478913
4.512880
3.433509
22.025665
0.733458
5.939588
2.590248
2.794827
6.322114
5.895363
23.696934

# Hora 16
0.687091
0.549686
6.442914
4.318336
1.602133
0.413753
0.447754
11.230593
1.065145
1.953165
1.285159
2.192496
0.359757
3.660062
0.350034
8.056110
1.330986
3.882773
10.604614
5.261660
3.806678
1.960280
2.024841
5.535546
25.697483
5.421169
4.079778
6.558728
3.129365
0.310134
4.131071

# Hora 17
15.806017
0.963696
5.855994
1.121557
3.837497
0.508372
2.992558
7.056283
2.135269
5.466806
7.934713
13.098674
1.337058
2.548431
0.826827
24.453276
13.086546
3.882178
9.226855
3.679835
4.885324
0.466745
7.038007
0.683187
8.745443
7.616945
6.167775
0.184152
1.805770
1.526601
2.232501
0.458618
13.819757
4.034965
1.822991

# Hora 18
2.529037
2.963818
4.588888
3.625041
12.590785
3.435462
24.241316
9.533325
1.169193
13.338997
0.618564
8.503648
2.395208
10.517619
10.126915
8.197563
7.803964
1.816909
0.421907
2.579025
0.952925
5.936416
2.124002
18.567951
5.121776
8.643376
0.710841
9.903032
12.804008
3.338001
4.660233
7.236804
0.960882
3.491463
2.542999
0.791311

# Hora 19
2.290648
0.353037
0.130754
0.726090
16.499767
3.987314
16.880890
2.832554
1.868496
3.527535
2.894734
0.558372
5.119746
1.216975
4.832501
5.251984
0.824520
0.316561
7.587977
3.079083
0.299619
26.359659
0.297585
5.937795
20.576490
1.366793
0.767209
0.647042
1.806823
0.532616
5.890897
0.321582
3.560856
28.564400
8.409244
4.775410
1.828244
4.889446
3.743738
2.776356
0.700395

# Hora 20
10.884356
2.987228
1.082221
2.292426
2.673285
8.787889
6.614052
7.333292
0.055463
2.690590
3.282574
0.096894
1.504264
7.141623
0.737339
3.831925
1.211644
0.060974
1.380095
18.622274
8.085766
16.041739
3.345728
0.581187
3.969917
3.029138
9.300955
0.516162
3.349509
0.812881
1.962813
6.684799
3.231491
2.357130
2.508308
3.075811
7.685971
11.132043
15.542790
7.730048
1.894653
5.825920

# Hora 21
2.877738
1.469645
9.190219
0.195921
11.601810
3.094630
5.069538
5.384556
11.274585
5.062214
4.758729
0.344886
3.653290
0.813589
6.686260
3.589474
5.700732
0.212831
0.443020
6.299602
0.374072
0.369615
0.060912
15.675133
6.687680
2.178988
1.758690
2.151632
7.450581
5.414245

# Hora 22
1.024036
0.956464
0.517897
5.398502
7.227519
1.539740
0.105837
0.428725
17.188274
1.750943
7.331520
4.899662
2.405846
1.151390
0.647050
4.772728
7.450143
5.162778
3.778328
0.214283
17.287058
8.015147
1.732365
19.552702
4.605029

# Hora 23
4.366427
6.893083
8.350448
5.342529
0.685378
2.064470
13.161258
1.271982
2.327405
2.828846
2.893783
4.745872
14.330177
1.376744
0.647705
1.099933
10.898516
5.189620
1.683709
8.462656
9.879734
9.370741
12.561997
1.453373
7.033341
3.085928
9.225756
6.518794
7.490544
5.337921
0.976601
3.937585
20.889633
13.853997
0.220667
0.900509
0.706256
6.472769

