0 0 1
0 1 1
0 2 0
0 3 1
0 4 2
0 5 0
0 6 2
0 7 1
0 8 1
0 9 0
0 10 0
0 11 1
0 12 0
0 13 0
0 14 0
0 15 0
0 16 1
0 17 0
0 18 1
0 19 2
0 20 0
0 21 2
0 22 0
0 23 0
0 24 0
0 25 1
0 26 0
0 27 0
0 28 1
0 29 1
0 30 0
0 31 1
0 32 1
0 33 1
0 34 0
0 35 0
0 36 0
0 37 1
0 38 1
0 39 0
0 40 0
0 41 0
0 42 2
0 43 2
0 44 0
0 45 1
0 46 3
0 47 0
0 48 2
0 49 1
0 50 0
0 51 1
0 52 0
0 53 1
0 54 0
0 55 0
0 56 0
0 57 0
0 58 0
0 59 1

1 0 1
1 1 1
1 2 0
1 3 0
1 4 1
1 5 0
1 6 1
1 7 1
1 8 0
1 9 1
1 10 0
1 11 1
1 12 0
1 13 3
1 14 1
1 15 1
1 16 0
1 17 1
1 18 2
1 19 2
1 20 1
1 21 1
1 22 0
1 23 0
1 24 1
1 25 2
1 26 0
1 27 0
1 28 0
1 29 1
1 30 2
1 31 1
1 32 1
1 33 0
1 34 0
1 35 0
1 36 0
1 37 0
1 38 2
1 39 0
1 40 0
1 41 0
1 42 1
1 43 0
1 44 0
1 45 1
1 46 0
1 47 0
1 48 3
1 49 1
1 50 0
1 51 1
1 52 1
1 53 2
1 54 1
1 55 1
1 56 1
1 57 1
1 58 1
1 59 0

2 0 1
2 1 0
2 2 2
2 3 1
2 4 0
2 5 1
2 6 0
2 7 0
2 8 1
2 9 0
2 10 1
2 11 1
2 12 0
2 13 1
2 14 3
2 15 0
2 16 1
2 17 1
2 18 0
2 19 1
2 20 0
2 21 0
2 22 1
2 23 0
2 24 0
2 25 0
2 26 0
2 27 0
2 28 0
2 29 1
2 30 2
2 31 0
2 32 1
2 33 0
2 34 0
2 35 1
2 36 1
2 37 1
2 38 2
2 39 0
2 40 2
2 41 1
2 42 0
2 43 1
2 44 0
2 45 1
2 46 0
2 47 0
2 48 0
2 49 0
2 50 1
2 51 0
2 52 0
2 53 0
2 54 1
2 55 0
2 56 0
2 57 0
2 58 0
2 59 1

3 0 2
3 1 0
3 2 0
3 3 0
3 4 0
3 5 2
3 6 2
3 7 0
3 8 1
3 9 2
3 10 0
3 11 0
3 12 0
3 13 1
3 14 2
3 15 1
3 16 0
3 17 0
3 18 0
3 19 1
3 20 3
3 21 0
3 22 0
3 23 1
3 24 0
3 25 0
3 26 0
3 27 0
3 28 0
3 29 0
3 30 0
3 31 1
3 32 1
3 33 1
3 34 0
3 35 0
3 36 1
3 37 1
3 38 2
3 39 3
3 40 0
3 41 1
3 42 1
3 43 1
3 44 1
3 45 0
3 46 1
3 47 0
3 48 0
3 49 1
3 50 0
3 51 0
3 52 1
3 53 4
3 54 1
3 55 1
3 56 1
3 57 0
3 58 0
3 59 0

4 0 1
4 1 1
4 2 0
4 3 0
4 4 0
4 5 2
4 6 0
4 7 0
4 8 1
4 9 0
4 10 2
4 11 1
4 12 0
4 13 0
4 14 1
4 15 1
4 16 1
4 17 1
4 18 0
4 19 1
4 20 0
4 21 0
4 22 2
4 23 2
4 24 0
4 25 1
4 26 0
4 27 0
4 28 0
4 29 1
4 30 1
4 31 1
4 32 0
4 33 1
4 34 3
4 35 0
4 36 1
4 37 1
4 38 1
4 39 1
4 40 0
4 41 1
4 42 0
4 43 1
4 44 1
4 45 0
4 46 0
4 47 1
4 48 0
4 49 0
4 50 1
4 51 2
4 52 1
4 53 1
4 54 1
4 55 1
4 56 2
4 57 3
4 58 1
4 59 1

5 0 0
5 1 1
5 2 2
5 3 0
5 4 0
5 5 1
5 6 0
5 7 1
5 8 0
5 9 0
5 10 0
5 11 0
5 12 1
5 13 0
5 14 0
5 15 0
5 16 0
5 17 2
5 18 0
5 19 0
5 20 1
5 21 2
5 22 1
5 23 0
5 24 0
5 25 0
5 26 0
5 27 1
5 28 0
5 29 0
5 30 2
5 31 1
5 32 1
5 33 0
5 34 1
5 35 1
5 36 0
5 37 1
5 38 1
5 39 0
5 40 0
5 41 1
5 42 2
5 43 0
5 44 0
5 45 0
5 46 1
5 47 2
5 48 2
5 49 1
5 50 0
5 51 0
5 52 1
5 53 1
5 54 1
5 55 0
5 56 0
5 57 0
5 58 0
5 59 0

6 0 1
6 1 1
6 2 1
6 3 1
6 4 1
6 5 1
6 6 1
6 7 0
6 8 0
6 9 1
6 10 1
6 11 0
6 12 0
6 13 0
6 14 1
6 15 1
6 16 2
6 17 0
6 18 0
6 19 1
6 20 0
6 21 1
6 22 0
6 23 0
6 24 1
6 25 1
6 26 1
6 27 0
6 28 0
6 29 0
6 30 1
6 31 1
6 32 2
6 33 1
6 34 0
6 35 0
6 36 1
6 37 0
6 38 1
6 39 1
6 40 0
6 41 1
6 42 1
6 43 1
6 44 1
6 45 1
6 46 0
6 47 1
6 48 0
6 49 0
6 50 1
6 51 0
6 52 0
6 53 0
6 54 0
6 55 0
6 56 0
6 57 2
6 58 1
6 59 0

7 0 0
7 1 2
7 2 2
7 3 0
7 4 2
7 5 2
7 6 1
7 7 0
7 8 0
7 9 1
7 10 1
7 11 1
7 12 0
7 13 0
7 14 0
7 15 0
7 16 0
7 17 0
7 18 0
7 19 0
7 20 0
7 21 0
7 22 1
7 23 3
7 24 0
7 25 0
7 26 1
7 27 1
7 28 2
7 29 1
7 30 1
7 31 0
7 32 1
7 33 0
7 34 1
7 35 1
7 36 1
7 37 1
7 38 3
7 39 1
7 40 1
7 41 0
7 42 1
7 43 0
7 44 0
7 45 0
7 46 0
7 47 0
7 48 0
7 49 0
7 50 0
7 51 2
7 52 0
7 53 0
7 54 1
7 55 0
7 56 2
7 57 1
7 58 0
7 59 0

8 0 1
8 1 1
8 2 0
8 3 0
8 4 1
8 5 1
8 6 1
8 7 1
8 8 0
8 9 0
8 10 1
8 11 0
8 12 0
8 13 0
8 14 0
8 15 0
8 16 2
8 17 0
8 18 0
8 19 3
8 20 1
8 21 0
8 22 1
8 23 1
8 24 1
8 25 1
8 26 1
8 27 0
8 28 0
8 29 0
8 30 1
8 31 0
8 32 0
8 33 0
8 34 1
8 35 0
8 36 0
8 37 2
8 38 0
8 39 0
8 40 0
8 41 1
8 42 0
8 43 0
8 44 1
8 45 3
8 46 1
8 47 0
8 48 3
8 49 1
8 50 1
8 51 1
8 52 1
8 53 1
8 54 2
8 55 1
8 56 0
8 57 2
8 58 0
8 59 1

9 0 0
9 1 0
9 2 0
9 3 1
9 4 2
9 5 4
9 6 1
9 7 1
9 8 1
9 9 0
9 10 0
9 11 0
9 12 0
9 13 0
9 14 0
9 15 0
9 16 0
9 17 1
9 18 0
9 19 1
9 20 0
9 21 1
9 22 3
9 23 0
9 24 0
9 25 0
9 26 1
9 27 0
9 28 0
9 29 1
9 30 0
9 31 0
9 32 1
9 33 1
9 34 0
9 35 0
9 36 0
9 37 1
9 38 0
9 39 0
9 40 1
9 41 0
9 42 2
9 43 0
9 44 0
9 45 3
9 46 1
9 47 2
9 48 1
9 49 1
9 50 0
9 51 0
9 52 0
9 53 1
9 54 0
9 55 0
9 56 1
9 57 0
9 58 0
9 59 2

10 0 2
10 1 0
10 2 2
10 3 1
10 4 1
10 5 0
10 6 1
10 7 2
10 8 0
10 9 0
10 10 0
10 11 0
10 12 0
10 13 1
10 14 0
10 15 0
10 16 1
10 17 1
10 18 0
10 19 0
10 20 0
10 21 0
10 22 1
10 23 0
10 24 0
10 25 1
10 26 0
10 27 2
10 28 1
10 29 1
10 30 0
10 31 2
10 32 0
10 33 1
10 34 0
10 35 2
10 36 0
10 37 2
10 38 1
10 39 0
10 40 0
10 41 1
10 42 0
10 43 0
10 44 1
10 45 0
10 46 0
10 47 0
10 48 0
10 49 0
10 50 0
10 51 0
10 52 1
10 53 2
10 54 2
10 55 0
10 56 0
10 57 3
10 58 2
10 59 1

11 0 0
11 1 1
11 2 1
11 3 0
11 4 1
11 5 0
11 6 0
11 7 0
11 8 0
11 9 2
11 10 0
11 11 1
11 12 0
11 13 0
11 14 0
11 15 0
11 16 1
11 17 0
11 18 1
11 19 0
11 20 0
11 21 1
11 22 2
11 23 0
11 24 0
11 25 1
11 26 0
11 27 1
11 28 0
11 29 0
11 30 0
11 31 0
11 32 1
11 33 0
11 34 0
11 35 2
11 36 1
11 37 1
11 38 0
11 39 0
11 40 0
11 41 2
11 42 0
11 43 1
11 44 0
11 45 0
11 46 0
11 47 0
11 48 2
11 49 1
11 50 2
11 51 1
11 52 0
11 53 0
11 54 1
11 55 1
11 56 1
11 57 0
11 58 2
11 59 2

12 0 1
12 1 1
12 2 0
12 3 1
12 4 0
12 5 0
12 6 1
12 7 1
12 8 2
12 9 0
12 10 0
12 11 0
12 12 1
12 13 1
12 14 1
12 15 0
12 16 1
12 17 0
12 18 0
12 19 0
12 20 0
12 21 2
12 22 0
12 23 1
12 24 2
12 25 0
12 26 0
12 27 1
12 28 1
12 29 0
12 30 0
12 31 2
12 32 0
12 33 3
12 34 0
12 35 1
12 36 1
12 37 2
12 38 0
12 39 0
12 40 2
12 41 0
12 42 1
12 43 0
12 44 0
12 45 1
12 46 2
12 47 0
12 48 1
12 49 0
12 50 1
12 51 2
12 52 1
12 53 0
12 54 0
12 55 0
12 56 1
12 57 1
12 58 0
12 59 2

13 0 0
13 1 0
13 2 1
13 3 0
13 4 1
13 5 1
13 6 0
13 7 3
13 8 2
13 9 1
13 10 4
13 11 1
13 12 1
13 13 0
13 14 1
13 15 1
13 16 1
13 17 0
13 18 0
13 19 1
13 20 2
13 21 1
13 22 0
13 23 1
13 24 0
13 25 0
13 26 1
13 27 2
13 28 1
13 29 2
13 30 2
13 31 0
13 32 0
13 33 0
13 34 0
13 35 0
13 36 0
13 37 1
13 38 2
13 39 0
13 40 1
13 41 0
13 42 0
13 43 0
13 44 0
13 45 0
13 46 0
13 47 1
13 48 0
13 49 0
13 50 0
13 51 1
13 52 0
13 53 1
13 54 1
13 55 1
13 56 1
13 57 0
13 58 1
13 59 0

14 0 0
14 1 1
14 2 2
14 3 1
14 4 1
14 5 0
14 6 1
14 7 1
14 8 0
14 9 0
14 10 0
14 11 1
14 12 2
14 13 0
14 14 1
14 15 1
14 16 2
14 17 0
14 18 0
14 19 2
14 20 0
14 21 0
14 22 3
14 23 0
14 24 0
14 25 0
14 26 1
14 27 1
14 28 0
14 29 1
14 30 1
14 31 2
14 32 0
14 33 0
14 34 0
14 35 0
14 36 0
14 37 2
14 38 0
14 39 0
14 40 0
14 41 1
14 42 1
14 43 0
14 44 2
14 45 0
14 46 0
14 47 1
14 48 1
14 49 0
14 50 0
14 51 0
14 52 1
14 53 1
14 54 0
14 55 1
14 56 0
14 57 0
14 58 0
14 59 0

15 0 0
15 1 0
15 2 0
15 3 0
15 4 1
15 5 1
15 6 2
15 7 1
15 8 0
15 9 2
15 10 2
15 11 1
15 12 0
15 13 0
15 14 2
15 15 1
15 16 1
15 17 2
15 18 0
15 19 0
15 20 0
15 21 2
15 22 0
15 23 1
15 24 1
15 25 1
15 26 0
15 27 0
15 28 0
15 29 1
15 30 0
15 31 1
15 32 1
15 33 1
15 34 2
15 35 2
15 36 1
15 37 0
15 38 1
15 39 0
15 40 2
15 41 0
15 42 0
15 43 0
15 44 1
15 45 0
15 46 0
15 47 1
15 48 0
15 49 1
15 50 0
15 51 1
15 52 0
15 53 2
15 54 0
15 55 1
15 56 0
15 57 0
15 58 2
15 59 1

16 0 0
16 1 0
16 2 0
16 3 2
16 4 0
16 5 0
16 6 1
16 7 1
16 8 1
16 9 1
16 10 0
16 11 1
16 12 0
16 13 0
16 14 1
16 15 1
16 16 0
16 17 1
16 18 0
16 19 2
16 20 2
16 21 0
16 22 0
16 23 0
16 24 1
16 25 1
16 26 0
16 27 0
16 28 2
16 29 0
16 30 1
16 31 1
16 32 0
16 33 0
16 34 1
16 35 1
16 36 1
16 37 0
16 38 0
16 39 0
16 40 1
16 41 0
16 42 0
16 43 0
16 44 0
16 45 1
16 46 1
16 47 0
16 48 1
16 49 1
16 50 0
16 51 0
16 52 0
16 53 0
16 54 0
16 55 1
16 56 0
16 57 1
16 58 0
16 59 1

17 0 0
17 1 0
17 2 0
17 3 1
17 4 0
17 5 0
17 6 0
17 7 1
17 8 1
17 9 2
17 10 1
17 11 0
17 12 1
17 13 1
17 14 0
17 15 0
17 16 0
17 17 0
17 18 1
17 19 0
17 20 1
17 21 1
17 22 1
17 23 2
17 24 0
17 25 0
17 26 1
17 27 1
17 28 0
17 29 0
17 30 1
17 31 1
17 32 1
17 33 0
17 34 1
17 35 0
17 36 0
17 37 2
17 38 0
17 39 1
17 40 0
17 41 0
17 42 0
17 43 1
17 44 2
17 45 0
17 46 0
17 47 1
17 48 2
17 49 0
17 50 1
17 51 0
17 52 1
17 53 1
17 54 1
17 55 0
17 56 2
17 57 0
17 58 0
17 59 0

18 0 0
18 1 0
18 2 1
18 3 0
18 4 0
18 5 0
18 6 1
18 7 1
18 8 2
18 9 1
18 10 1
18 11 0
18 12 0
18 13 1
18 14 1
18 15 1
18 16 0
18 17 0
18 18 1
18 19 0
18 20 2
18 21 0
18 22 0
18 23 1
18 24 1
18 25 0
18 26 0
18 27 1
18 28 0
18 29 0
18 30 0
18 31 0
18 32 2
18 33 0
18 34 1
18 35 1
18 36 0
18 37 1
18 38 1
18 39 0
18 40 0
18 41 1
18 42 0
18 43 2
18 44 1
18 45 1
18 46 0
18 47 3
18 48 0
18 49 1
18 50 1
18 51 0
18 52 1
18 53 1
18 54 1
18 55 0
18 56 1
18 57 0
18 58 0
18 59 0

19 0 1
19 1 1
19 2 0
19 3 1
19 4 0
19 5 0
19 6 1
19 7 1
19 8 0
19 9 2
19 10 0
19 11 0
19 12 0
19 13 1
19 14 0
19 15 0
19 16 0
19 17 0
19 18 0
19 19 0
19 20 4
19 21 0
19 22 0
19 23 2
19 24 0
19 25 1
19 26 0
19 27 2
19 28 0
19 29 0
19 30 1
19 31 1
19 32 1
19 33 1
19 34 1
19 35 2
19 36 2
19 37 0
19 38 0
19 39 0
19 40 0
19 41 1
19 42 1
19 43 0
19 44 2
19 45 0
19 46 0
19 47 0
19 48 1
19 49 0
19 50 1
19 51 0
19 52 2
19 53 0
19 54 0
19 55 5
19 56 1
19 57 0
19 58 0
19 59 1

20 0 1
20 1 0
20 2 1
20 3 1
20 4 1
20 5 1
20 6 0
20 7 0
20 8 2
20 9 1
20 10 3
20 11 1
20 12 2
20 13 0
20 14 0
20 15 0
20 16 1
20 17 0
20 18 0
20 19 0
20 20 0
20 21 1
20 22 1
20 23 0
20 24 2
20 25 1
20 26 1
20 27 2
20 28 1
20 29 1
20 30 1
20 31 1
20 32 0
20 33 2
20 34 1
20 35 1
20 36 0
20 37 1
20 38 1
20 39 1
20 40 0
20 41 0
20 42 0
20 43 0
20 44 1
20 45 0
20 46 1
20 47 0
20 48 0
20 49 0
20 50 0
20 51 1
20 52 0
20 53 1
20 54 1
20 55 0
20 56 1
20 57 1
20 58 0
20 59 1

21 0 1
21 1 4
21 2 0
21 3 0
21 4 0
21 5 2
21 6 1
21 7 0
21 8 0
21 9 1
21 10 2
21 11 0
21 12 2
21 13 2
21 14 2
21 15 0
21 16 0
21 17 1
21 18 0
21 19 0
21 20 0
21 21 0
21 22 0
21 23 1
21 24 1
21 25 0
21 26 0
21 27 0
21 28 0
21 29 0
21 30 0
21 31 0
21 32 0
21 33 0
21 34 0
21 35 0
21 36 0
21 37 0
21 38 0
21 39 2
21 40 2
21 41 0
21 42 1
21 43 1
21 44 0
21 45 0
21 46 0
21 47 1
21 48 0
21 49 1
21 50 0
21 51 1
21 52 0
21 53 1
21 54 0
21 55 0
21 56 0
21 57 0
21 58 0
21 59 0

22 0 0
22 1 1
22 2 0
22 3 0
22 4 0
22 5 0
22 6 0
22 7 0
22 8 1
22 9 0
22 10 0
22 11 0
22 12 0
22 13 0
22 14 0
22 15 1
22 16 2
22 17 1
22 18 0
22 19 0
22 20 1
22 21 0
22 22 1
22 23 0
22 24 1
22 25 2
22 26 1
22 27 0
22 28 0
22 29 1
22 30 0
22 31 0
22 32 1
22 33 1
22 34 1
22 35 1
22 36 0
22 37 1
22 38 0
22 39 0
22 40 0
22 41 0
22 42 0
22 43 0
22 44 0
22 45 1
22 46 0
22 47 1
22 48 0
22 49 1
22 50 0
22 51 0
22 52 1
22 53 2
22 54 0
22 55 0
22 56 1
22 57 0
22 58 0
22 59 0

23 0 1
23 1 1
23 2 1
23 3 0
23 4 1
23 5 0
23 6 0
23 7 1
23 8 2
23 9 1
23 10 2
23 11 0
23 12 1
23 13 0
23 14 1
23 15 1
23 16 2
23 17 1
23 18 0
23 19 0
23 20 0
23 21 1
23 22 1
23 23 1
23 24 0
23 25 1
23 26 0
23 27 0
23 28 0
23 29 0
23 30 0
23 31 2
23 32 0
23 33 1
23 34 1
23 35 1
23 36 2
23 37 0
23 38 1
23 39 2
23 40 0
23 41 0
23 42 0
23 43 0
23 44 1
23 45 0
23 46 0
23 47 0
23 48 0
23 49 1
23 50 1
23 51 0
23 52 1
23 53 0
23 54 3
23 55 0
23 56 0
23 57 0
23 58 0
23 59 1

